<?xml version="1.0" encoding="UTF-8" standalone="no"?>
<!-- Created with Inkscape (http://www.inkscape.org/) -->

<svg
   xmlns:dc="http://purl.org/dc/elements/1.1/"
   xmlns:cc="http://creativecommons.org/ns#"
   xmlns:rdf="http://www.w3.org/1999/02/22-rdf-syntax-ns#"
   xmlns:svg="http://www.w3.org/2000/svg"
   xmlns="http://www.w3.org/2000/svg"
   xmlns:sodipodi="http://sodipodi.sourceforge.net/DTD/sodipodi-0.dtd"
   xmlns:inkscape="http://www.inkscape.org/namespaces/inkscape"
   width="240mm"
   height="120mm"
   viewBox="0 0 240 120"
   version="1.1"
   id="svg8"
   inkscape:version="0.92.4 5da689c313, 2019-01-14"
   sodipodi:docname=".svg">
  <defs
     id="defs2" />
  <sodipodi:namedview
     id="base"
     pagecolor="#ffffff"
     bordercolor="#666666"
     borderopacity="1.0"
     inkscape:pageopacity="0.0"
     inkscape:pageshadow="2"
     inkscape:zoom="0.99437388"
     inkscape:cx="286.28759"
     inkscape:cy="180.70923"
     inkscape:document-units="mm"
     inkscape:current-layer="layer1"
     showgrid="false"
     showborder="true"
     width="200mm"
     showguides="true"
     inkscape:guide-bbox="true"
     inkscape:window-width="716"
     inkscape:window-height="1399"
     inkscape:window-x="721"
     inkscape:window-y="34"
     inkscape:window-maximized="0">
    <inkscape:grid
       type="xygrid"
       id="grid815"
       units="mm"
       spacingx="10"
       spacingy="10"
       empspacing="4"
       dotted="false" />
  </sodipodi:namedview>
  <metadata
     id="metadata5">
    <rdf:RDF>
      <cc:Work
         rdf:about="">
        <dc:format>image/svg+xml</dc:format>
        <dc:type
           rdf:resource="http://purl.org/dc/dcmitype/StillImage" />
        <dc:title />
      </cc:Work>
    </rdf:RDF>
  </metadata>
  <g
     inkscape:label="Layer 1"
     inkscape:groupmode="layer"
     id="layer1"
     transform="translate(0,-177)">
    <path
       style="fill:none;stroke:#000000;stroke-width:0.26499999;stroke-linecap:square;stroke-miterlimit:4;stroke-dasharray:none"
       id="path816"
       d="m 44.254734,237.03161 c -0.242816,-2.38098 -0.265689,-4.7762 -0.270073,-7.16718 0.01667,-2.11128 0.120758,-4.22716 0.543851,-6.30068 0.206375,-1.01141 0.3972,-1.6262 0.673187,-2.60959 0.661969,-2.27249 1.710476,-4.39601 3.00236,-6.37082 1.811718,-2.45979 4.277222,-4.33512 6.748126,-6.08902 2.098786,-1.34876 2.011241,-1.32058 5.307883,-3.09215 0.541422,-0.29095 1.329412,-0.53163 1.936107,-0.63813 0.865997,-0.15202 1.043117,-0.0936 1.909794,-0.0472 2.203892,0.41696 4.063884,1.70699 5.778963,3.08513 2.112126,1.72365 3.370284,3.7468 4.613513,6.12428 1.333632,2.79764 2.250649,5.77132 3.226041,8.7068 1.073438,3.28334 1.922052,6.6341 2.719541,9.99336 0.42459,1.94018 0.736589,3.90456 0.973823,5.87603 0.174566,0.62321 -0.0088,1.55767 0.244377,2.14581 0.02914,0.0222 0.05116,0.0614 0.08741,0.0665 0.178533,0.0254 0.702778,-0.20599 0.823412,-0.24389 0.920753,-0.28929 0.540502,-0.16627 1.597176,-0.54025 1.977379,-0.67975 3.822695,-1.67197 5.695926,-2.58716 1.917332,-0.93673 1.84568,-0.89117 3.815154,-1.80454 3.852571,-1.6926 7.854795,-3.00556 11.855755,-4.29456 1.22865,-0.45592 2.5429,-0.72559 3.74516,-1.25739 0.30335,-0.13419 1.1728,-0.62019 0.87579,-0.47249 -2.73419,1.35976 -3.06144,2.00784 -1.76802,0.3977 1.53273,-2.58986 1.72029,-5.64724 1.98231,-8.5761 0.20734,-2.31033 0.36442,-4.62552 0.41896,-6.94471 0.0151,-0.74803 0.0186,-1.49619 0.0121,-2.2443 0,0 3.50888,-1.78806 3.50888,-1.78806 v 0 c -0.006,0.76747 -0.0215,1.53494 -0.0816,2.30047 -0.1672,2.34918 -0.35119,4.69699 -0.57797,7.0413 -0.25697,2.95929 -0.40063,6.03237 -1.80288,8.71652 -0.21163,0.31446 -0.33099,0.71684 -0.63489,0.94336 -0.52555,0.39173 -3.37515,2.33011 -4.91329,2.94869 -1.18271,0.47565 -2.44544,0.74308 -3.64531,1.16682 -3.980362,1.25255 -7.951578,2.56531 -11.761707,4.27946 -2.082787,0.97764 -1.819352,0.84144 -3.848828,1.84259 -1.925751,0.94997 -3.83249,1.95422 -5.864976,2.66451 -0.53257,0.1905 -1.954102,0.82335 -2.559159,0.65163 -0.226115,-0.0642 -0.271719,-0.16718 -0.405326,-0.33138 -0.30376,-0.71466 -0.06948,-1.54525 -0.212714,-2.29677 -0.167965,-1.98161 -0.452972,-3.95321 -0.817785,-5.90783 -0.716793,-3.37183 -1.563364,-6.71627 -2.64487,-9.99138 -0.98302,-2.90884 -1.969542,-5.82762 -3.288398,-8.60545 -0.418261,-0.8058 -0.735637,-1.45919 -1.222359,-2.228 -0.900469,-1.42235 -2.021025,-2.68539 -3.321677,-3.75382 -1.690838,-1.31437 -3.51387,-2.56728 -5.689306,-2.85458 -1.028089,-0.007 -1.771613,0.0429 -2.753074,0.40365 -1.06154,0.39021 -2.859268,1.48532 1.247275,-0.90043 0.376729,-0.21886 -0.741117,0.45833 -1.111676,0.68749 -2.469084,1.69874 -4.931577,3.53095 -6.753082,5.94049 -1.317485,1.93542 -2.374331,4.03755 -3.073234,6.2774 -0.293788,0.97544 -0.496162,1.58456 -0.718947,2.58875 -0.456215,2.05639 -0.604199,4.161 -0.621731,6.26318 0.0269,2.33141 0.07416,4.6874 0.510622,6.98448 0,0 -3.490671,1.84144 -3.490671,1.84144 z"
       inkscape:connector-curvature="0" />
  </g>
</svg>
